(kicad_pcb (version 20170123) (host pcbnew "(2017-03-23 revision f2763e90e)-master")

  (general
    (links 48)
    (no_connects 0)
    (area 79.339857 40.607 121.792001 79.4145)
    (thickness 1.6)
    (drawings 14)
    (tracks 176)
    (zones 0)
    (modules 28)
    (nets 13)
  )

  (page A4)
  (layers
    (0 F.Cu signal)
    (31 B.Cu signal)
    (32 B.Adhes user)
    (33 F.Adhes user)
    (34 B.Paste user)
    (35 F.Paste user)
    (36 B.SilkS user)
    (37 F.SilkS user)
    (38 B.Mask user)
    (39 F.Mask user)
    (40 Dwgs.User user)
    (41 Cmts.User user)
    (42 Eco1.User user)
    (43 Eco2.User user)
    (44 Edge.Cuts user)
    (45 Margin user)
    (46 B.CrtYd user)
    (47 F.CrtYd user)
    (48 B.Fab user)
    (49 F.Fab user)
  )

  (setup
    (last_trace_width 0.25)
    (user_trace_width 0.25)
    (user_trace_width 0.3)
    (user_trace_width 0.35)
    (user_trace_width 0.5)
    (user_trace_width 1)
    (user_trace_width 1.2)
    (trace_clearance 0.19)
    (zone_clearance 0.508)
    (zone_45_only no)
    (trace_min 0.2)
    (segment_width 0.2)
    (edge_width 0.15)
    (via_size 2)
    (via_drill 0.8)
    (via_min_size 0.4)
    (via_min_drill 0.3)
    (uvia_size 0.3)
    (uvia_drill 0.1)
    (uvias_allowed no)
    (uvia_min_size 0.2)
    (uvia_min_drill 0.1)
    (pcb_text_width 0.3)
    (pcb_text_size 1.5 1.5)
    (mod_edge_width 0.15)
    (mod_text_size 1 1)
    (mod_text_width 0.15)
    (pad_size 2.2 1.8)
    (pad_drill 1)
    (pad_to_mask_clearance 0.2)
    (aux_axis_origin 0 0)
    (visible_elements FFFEDF7F)
    (pcbplotparams
      (layerselection 0x00030_ffffffff)
      (usegerberextensions false)
      (excludeedgelayer true)
      (linewidth 0.100000)
      (plotframeref false)
      (viasonmask false)
      (mode 1)
      (useauxorigin false)
      (hpglpennumber 1)
      (hpglpenspeed 20)
      (hpglpendiameter 15)
      (psnegative false)
      (psa4output false)
      (plotreference true)
      (plotvalue true)
      (plotinvisibletext false)
      (padsonsilk false)
      (subtractmaskfromsilk false)
      (outputformat 1)
      (mirror false)
      (drillshape 1)
      (scaleselection 1)
      (outputdirectory ""))
  )

  (net 0 "")
  (net 1 GND)
  (net 2 +12V)
  (net 3 /LaserOut)
  (net 4 "Net-(Q1-Pad1)")
  (net 5 "Net-(Q2-Pad3)")
  (net 6 "Net-(R5-Pad2)")
  (net 7 "Net-(D1-Pad1)")
  (net 8 /VRef)
  (net 9 /CurrentTP)
  (net 10 /ControlOut)
  (net 11 /VSense)
  (net 12 "Net-(J1-Pad2)")

  (net_class Default "This is the default net class."
    (clearance 0.19)
    (trace_width 0.25)
    (via_dia 2)
    (via_drill 0.8)
    (uvia_dia 0.3)
    (uvia_drill 0.1)
    (add_net /ControlOut)
    (add_net /CurrentTP)
    (add_net /LaserOut)
    (add_net /VRef)
    (add_net /VSense)
    (add_net GND)
    (add_net "Net-(D1-Pad1)")
    (add_net "Net-(J1-Pad2)")
    (add_net "Net-(Q1-Pad1)")
    (add_net "Net-(Q2-Pad3)")
    (add_net "Net-(R5-Pad2)")
  )

  (net_class Power ""
    (clearance 0.5)
    (trace_width 0.5)
    (via_dia 2)
    (via_drill 0.8)
    (uvia_dia 0.3)
    (uvia_drill 0.1)
    (add_net +12V)
  )

  (module Pin_Headers:Pin_Header_Straight_1x02 (layer F.Cu) (tedit 54EA090C) (tstamp 5876B633)
    (at 109.045087 60.402951)
    (descr "Through hole pin header")
    (tags "pin header")
    (path /58D4176C)
    (fp_text reference P1 (at 3.857913 5.764049 180) (layer F.SilkS)
      (effects (font (size 1 1) (thickness 0.15)))
    )
    (fp_text value LaserOut (at 3.730913 1.065049 90) (layer F.Fab)
      (effects (font (size 1 1) (thickness 0.15)))
    )
    (fp_line (start -1.27 3.81) (end 1.27 3.81) (layer F.SilkS) (width 0.15))
    (fp_line (start -1.27 1.27) (end -1.27 3.81) (layer F.SilkS) (width 0.15))
    (fp_line (start -1.55 -1.55) (end 1.55 -1.55) (layer F.SilkS) (width 0.15))
    (fp_line (start -1.55 0) (end -1.55 -1.55) (layer F.SilkS) (width 0.15))
    (fp_line (start 1.27 1.27) (end -1.27 1.27) (layer F.SilkS) (width 0.15))
    (fp_line (start -1.75 4.3) (end 1.75 4.3) (layer F.CrtYd) (width 0.05))
    (fp_line (start -1.75 -1.75) (end 1.75 -1.75) (layer F.CrtYd) (width 0.05))
    (fp_line (start 1.75 -1.75) (end 1.75 4.3) (layer F.CrtYd) (width 0.05))
    (fp_line (start -1.75 -1.75) (end -1.75 4.3) (layer F.CrtYd) (width 0.05))
    (fp_line (start 1.55 -1.55) (end 1.55 0) (layer F.SilkS) (width 0.15))
    (fp_line (start 1.27 1.27) (end 1.27 3.81) (layer F.SilkS) (width 0.15))
    (pad 2 thru_hole oval (at 0 2.54) (size 2.032 2.032) (drill 1.016) (layers *.Cu *.Mask F.SilkS)
      (net 3 /LaserOut))
    (pad 1 thru_hole rect (at 0 0) (size 2.032 2.032) (drill 1.016) (layers *.Cu *.Mask F.SilkS)
      (net 9 /CurrentTP))
    (model Pin_Headers.3dshapes/Pin_Header_Straight_1x02.wrl
      (at (xyz 0 -0.05 0))
      (scale (xyz 1 1 1))
      (rotate (xyz 0 0 90))
    )
  )

  (module Capacitors_SMD:C_1210 (layer F.Cu) (tedit 58AA84E2) (tstamp 58D9A830)
    (at 107.013087 75.007951 270)
    (descr "Capacitor SMD 1210, reflow soldering, AVX (see smccp.pdf)")
    (tags "capacitor 1210")
    (path /58D41788)
    (attr smd)
    (fp_text reference C2 (at 0 -2.25 270) (layer F.SilkS)
      (effects (font (size 1 1) (thickness 0.15)))
    )
    (fp_text value 10u (at 0 2.5 270) (layer F.Fab)
      (effects (font (size 1 1) (thickness 0.15)))
    )
    (fp_text user %R (at 0 -2.25 270) (layer F.Fab)
      (effects (font (size 1 1) (thickness 0.15)))
    )
    (fp_line (start -1.6 1.25) (end -1.6 -1.25) (layer F.Fab) (width 0.1))
    (fp_line (start 1.6 1.25) (end -1.6 1.25) (layer F.Fab) (width 0.1))
    (fp_line (start 1.6 -1.25) (end 1.6 1.25) (layer F.Fab) (width 0.1))
    (fp_line (start -1.6 -1.25) (end 1.6 -1.25) (layer F.Fab) (width 0.1))
    (fp_line (start 1 -1.48) (end -1 -1.48) (layer F.SilkS) (width 0.12))
    (fp_line (start -1 1.48) (end 1 1.48) (layer F.SilkS) (width 0.12))
    (fp_line (start -2.25 -1.5) (end 2.25 -1.5) (layer F.CrtYd) (width 0.05))
    (fp_line (start -2.25 -1.5) (end -2.25 1.5) (layer F.CrtYd) (width 0.05))
    (fp_line (start 2.25 1.5) (end 2.25 -1.5) (layer F.CrtYd) (width 0.05))
    (fp_line (start 2.25 1.5) (end -2.25 1.5) (layer F.CrtYd) (width 0.05))
    (pad 1 smd rect (at -1.5 0 270) (size 1 2.5) (layers F.Cu F.Paste F.Mask)
      (net 2 +12V))
    (pad 2 smd rect (at 1.5 0 270) (size 1 2.5) (layers F.Cu F.Paste F.Mask)
      (net 1 GND))
    (model Capacitors_SMD.3dshapes/C_1210.wrl
      (at (xyz 0 0 0))
      (scale (xyz 1 1 1))
      (rotate (xyz 0 0 0))
    )
  )

  (module Capacitors_SMD:C_1210 (layer F.Cu) (tedit 58AA84E2) (tstamp 58D9A850)
    (at 107.013087 69.927951 90)
    (descr "Capacitor SMD 1210, reflow soldering, AVX (see smccp.pdf)")
    (tags "capacitor 1210")
    (path /58D41787)
    (attr smd)
    (fp_text reference C3 (at 0 -2.25 90) (layer F.SilkS)
      (effects (font (size 1 1) (thickness 0.15)))
    )
    (fp_text value 10u (at 0 2.5 90) (layer F.Fab)
      (effects (font (size 1 1) (thickness 0.15)))
    )
    (fp_line (start 2.25 1.5) (end -2.25 1.5) (layer F.CrtYd) (width 0.05))
    (fp_line (start 2.25 1.5) (end 2.25 -1.5) (layer F.CrtYd) (width 0.05))
    (fp_line (start -2.25 -1.5) (end -2.25 1.5) (layer F.CrtYd) (width 0.05))
    (fp_line (start -2.25 -1.5) (end 2.25 -1.5) (layer F.CrtYd) (width 0.05))
    (fp_line (start -1 1.48) (end 1 1.48) (layer F.SilkS) (width 0.12))
    (fp_line (start 1 -1.48) (end -1 -1.48) (layer F.SilkS) (width 0.12))
    (fp_line (start -1.6 -1.25) (end 1.6 -1.25) (layer F.Fab) (width 0.1))
    (fp_line (start 1.6 -1.25) (end 1.6 1.25) (layer F.Fab) (width 0.1))
    (fp_line (start 1.6 1.25) (end -1.6 1.25) (layer F.Fab) (width 0.1))
    (fp_line (start -1.6 1.25) (end -1.6 -1.25) (layer F.Fab) (width 0.1))
    (fp_text user %R (at 0 -2.25 90) (layer F.Fab)
      (effects (font (size 1 1) (thickness 0.15)))
    )
    (pad 2 smd rect (at 1.5 0 90) (size 1 2.5) (layers F.Cu F.Paste F.Mask)
      (net 1 GND))
    (pad 1 smd rect (at -1.5 0 90) (size 1 2.5) (layers F.Cu F.Paste F.Mask)
      (net 2 +12V))
    (model Capacitors_SMD.3dshapes/C_1210.wrl
      (at (xyz 0 0 0))
      (scale (xyz 1 1 1))
      (rotate (xyz 0 0 0))
    )
  )

  (module Capacitors_SMD:C_1210 (layer F.Cu) (tedit 58AA84E2) (tstamp 58D9A861)
    (at 102.568087 69.927951 90)
    (descr "Capacitor SMD 1210, reflow soldering, AVX (see smccp.pdf)")
    (tags "capacitor 1210")
    (path /58D41786)
    (attr smd)
    (fp_text reference C4 (at 0 -2.25 90) (layer F.SilkS)
      (effects (font (size 1 1) (thickness 0.15)))
    )
    (fp_text value 10u (at 0 2.5 90) (layer F.Fab)
      (effects (font (size 1 1) (thickness 0.15)))
    )
    (fp_text user %R (at 0 -2.25 90) (layer F.Fab)
      (effects (font (size 1 1) (thickness 0.15)))
    )
    (fp_line (start -1.6 1.25) (end -1.6 -1.25) (layer F.Fab) (width 0.1))
    (fp_line (start 1.6 1.25) (end -1.6 1.25) (layer F.Fab) (width 0.1))
    (fp_line (start 1.6 -1.25) (end 1.6 1.25) (layer F.Fab) (width 0.1))
    (fp_line (start -1.6 -1.25) (end 1.6 -1.25) (layer F.Fab) (width 0.1))
    (fp_line (start 1 -1.48) (end -1 -1.48) (layer F.SilkS) (width 0.12))
    (fp_line (start -1 1.48) (end 1 1.48) (layer F.SilkS) (width 0.12))
    (fp_line (start -2.25 -1.5) (end 2.25 -1.5) (layer F.CrtYd) (width 0.05))
    (fp_line (start -2.25 -1.5) (end -2.25 1.5) (layer F.CrtYd) (width 0.05))
    (fp_line (start 2.25 1.5) (end 2.25 -1.5) (layer F.CrtYd) (width 0.05))
    (fp_line (start 2.25 1.5) (end -2.25 1.5) (layer F.CrtYd) (width 0.05))
    (pad 1 smd rect (at -1.5 0 90) (size 1 2.5) (layers F.Cu F.Paste F.Mask)
      (net 2 +12V))
    (pad 2 smd rect (at 1.5 0 90) (size 1 2.5) (layers F.Cu F.Paste F.Mask)
      (net 1 GND))
    (model Capacitors_SMD.3dshapes/C_1210.wrl
      (at (xyz 0 0 0))
      (scale (xyz 1 1 1))
      (rotate (xyz 0 0 0))
    )
  )

  (module Capacitors_SMD:C_1210 (layer F.Cu) (tedit 58AA84E2) (tstamp 58D9A872)
    (at 98.123087 75.007951 270)
    (descr "Capacitor SMD 1210, reflow soldering, AVX (see smccp.pdf)")
    (tags "capacitor 1210")
    (path /58D41785)
    (attr smd)
    (fp_text reference C5 (at 0 -2.25 270) (layer F.SilkS)
      (effects (font (size 1 1) (thickness 0.15)))
    )
    (fp_text value 10u (at 0 2.5 270) (layer F.Fab)
      (effects (font (size 1 1) (thickness 0.15)))
    )
    (fp_line (start 2.25 1.5) (end -2.25 1.5) (layer F.CrtYd) (width 0.05))
    (fp_line (start 2.25 1.5) (end 2.25 -1.5) (layer F.CrtYd) (width 0.05))
    (fp_line (start -2.25 -1.5) (end -2.25 1.5) (layer F.CrtYd) (width 0.05))
    (fp_line (start -2.25 -1.5) (end 2.25 -1.5) (layer F.CrtYd) (width 0.05))
    (fp_line (start -1 1.48) (end 1 1.48) (layer F.SilkS) (width 0.12))
    (fp_line (start 1 -1.48) (end -1 -1.48) (layer F.SilkS) (width 0.12))
    (fp_line (start -1.6 -1.25) (end 1.6 -1.25) (layer F.Fab) (width 0.1))
    (fp_line (start 1.6 -1.25) (end 1.6 1.25) (layer F.Fab) (width 0.1))
    (fp_line (start 1.6 1.25) (end -1.6 1.25) (layer F.Fab) (width 0.1))
    (fp_line (start -1.6 1.25) (end -1.6 -1.25) (layer F.Fab) (width 0.1))
    (fp_text user %R (at 0 -2.25 270) (layer F.Fab)
      (effects (font (size 1 1) (thickness 0.15)))
    )
    (pad 2 smd rect (at 1.5 0 270) (size 1 2.5) (layers F.Cu F.Paste F.Mask)
      (net 1 GND))
    (pad 1 smd rect (at -1.5 0 270) (size 1 2.5) (layers F.Cu F.Paste F.Mask)
      (net 2 +12V))
    (model Capacitors_SMD.3dshapes/C_1210.wrl
      (at (xyz 0 0 0))
      (scale (xyz 1 1 1))
      (rotate (xyz 0 0 0))
    )
  )

  (module Capacitors_SMD:C_1210 (layer F.Cu) (tedit 58AA84E2) (tstamp 58D9A883)
    (at 93.678087 69.927951 90)
    (descr "Capacitor SMD 1210, reflow soldering, AVX (see smccp.pdf)")
    (tags "capacitor 1210")
    (path /58D41784)
    (attr smd)
    (fp_text reference C6 (at 0 -2.25 90) (layer F.SilkS)
      (effects (font (size 1 1) (thickness 0.15)))
    )
    (fp_text value 10u (at 0 2.5 90) (layer F.Fab)
      (effects (font (size 1 1) (thickness 0.15)))
    )
    (fp_text user %R (at 0 -2.25 90) (layer F.Fab)
      (effects (font (size 1 1) (thickness 0.15)))
    )
    (fp_line (start -1.6 1.25) (end -1.6 -1.25) (layer F.Fab) (width 0.1))
    (fp_line (start 1.6 1.25) (end -1.6 1.25) (layer F.Fab) (width 0.1))
    (fp_line (start 1.6 -1.25) (end 1.6 1.25) (layer F.Fab) (width 0.1))
    (fp_line (start -1.6 -1.25) (end 1.6 -1.25) (layer F.Fab) (width 0.1))
    (fp_line (start 1 -1.48) (end -1 -1.48) (layer F.SilkS) (width 0.12))
    (fp_line (start -1 1.48) (end 1 1.48) (layer F.SilkS) (width 0.12))
    (fp_line (start -2.25 -1.5) (end 2.25 -1.5) (layer F.CrtYd) (width 0.05))
    (fp_line (start -2.25 -1.5) (end -2.25 1.5) (layer F.CrtYd) (width 0.05))
    (fp_line (start 2.25 1.5) (end 2.25 -1.5) (layer F.CrtYd) (width 0.05))
    (fp_line (start 2.25 1.5) (end -2.25 1.5) (layer F.CrtYd) (width 0.05))
    (pad 1 smd rect (at -1.5 0 90) (size 1 2.5) (layers F.Cu F.Paste F.Mask)
      (net 2 +12V))
    (pad 2 smd rect (at 1.5 0 90) (size 1 2.5) (layers F.Cu F.Paste F.Mask)
      (net 1 GND))
    (model Capacitors_SMD.3dshapes/C_1210.wrl
      (at (xyz 0 0 0))
      (scale (xyz 1 1 1))
      (rotate (xyz 0 0 0))
    )
  )

  (module Capacitors_SMD:C_1210 (layer F.Cu) (tedit 58AA84E2) (tstamp 58D9A894)
    (at 98.123087 69.927951 90)
    (descr "Capacitor SMD 1210, reflow soldering, AVX (see smccp.pdf)")
    (tags "capacitor 1210")
    (path /58D41783)
    (attr smd)
    (fp_text reference C7 (at 0 -2.25 90) (layer F.SilkS)
      (effects (font (size 1 1) (thickness 0.15)))
    )
    (fp_text value 10u (at 0 2.5 90) (layer F.Fab)
      (effects (font (size 1 1) (thickness 0.15)))
    )
    (fp_line (start 2.25 1.5) (end -2.25 1.5) (layer F.CrtYd) (width 0.05))
    (fp_line (start 2.25 1.5) (end 2.25 -1.5) (layer F.CrtYd) (width 0.05))
    (fp_line (start -2.25 -1.5) (end -2.25 1.5) (layer F.CrtYd) (width 0.05))
    (fp_line (start -2.25 -1.5) (end 2.25 -1.5) (layer F.CrtYd) (width 0.05))
    (fp_line (start -1 1.48) (end 1 1.48) (layer F.SilkS) (width 0.12))
    (fp_line (start 1 -1.48) (end -1 -1.48) (layer F.SilkS) (width 0.12))
    (fp_line (start -1.6 -1.25) (end 1.6 -1.25) (layer F.Fab) (width 0.1))
    (fp_line (start 1.6 -1.25) (end 1.6 1.25) (layer F.Fab) (width 0.1))
    (fp_line (start 1.6 1.25) (end -1.6 1.25) (layer F.Fab) (width 0.1))
    (fp_line (start -1.6 1.25) (end -1.6 -1.25) (layer F.Fab) (width 0.1))
    (fp_text user %R (at 0 -2.25 90) (layer F.Fab)
      (effects (font (size 1 1) (thickness 0.15)))
    )
    (pad 2 smd rect (at 1.5 0 90) (size 1 2.5) (layers F.Cu F.Paste F.Mask)
      (net 1 GND))
    (pad 1 smd rect (at -1.5 0 90) (size 1 2.5) (layers F.Cu F.Paste F.Mask)
      (net 2 +12V))
    (model Capacitors_SMD.3dshapes/C_1210.wrl
      (at (xyz 0 0 0))
      (scale (xyz 1 1 1))
      (rotate (xyz 0 0 0))
    )
  )

  (module Capacitors_SMD:C_1210 (layer F.Cu) (tedit 58AA84E2) (tstamp 58D9A8A5)
    (at 102.568087 75.007951 270)
    (descr "Capacitor SMD 1210, reflow soldering, AVX (see smccp.pdf)")
    (tags "capacitor 1210")
    (path /58D41772)
    (attr smd)
    (fp_text reference C8 (at 0 -2.25 270) (layer F.SilkS)
      (effects (font (size 1 1) (thickness 0.15)))
    )
    (fp_text value 10u (at 0 2.5 270) (layer F.Fab)
      (effects (font (size 1 1) (thickness 0.15)))
    )
    (fp_text user %R (at 0 -2.25 270) (layer F.Fab)
      (effects (font (size 1 1) (thickness 0.15)))
    )
    (fp_line (start -1.6 1.25) (end -1.6 -1.25) (layer F.Fab) (width 0.1))
    (fp_line (start 1.6 1.25) (end -1.6 1.25) (layer F.Fab) (width 0.1))
    (fp_line (start 1.6 -1.25) (end 1.6 1.25) (layer F.Fab) (width 0.1))
    (fp_line (start -1.6 -1.25) (end 1.6 -1.25) (layer F.Fab) (width 0.1))
    (fp_line (start 1 -1.48) (end -1 -1.48) (layer F.SilkS) (width 0.12))
    (fp_line (start -1 1.48) (end 1 1.48) (layer F.SilkS) (width 0.12))
    (fp_line (start -2.25 -1.5) (end 2.25 -1.5) (layer F.CrtYd) (width 0.05))
    (fp_line (start -2.25 -1.5) (end -2.25 1.5) (layer F.CrtYd) (width 0.05))
    (fp_line (start 2.25 1.5) (end 2.25 -1.5) (layer F.CrtYd) (width 0.05))
    (fp_line (start 2.25 1.5) (end -2.25 1.5) (layer F.CrtYd) (width 0.05))
    (pad 1 smd rect (at -1.5 0 270) (size 1 2.5) (layers F.Cu F.Paste F.Mask)
      (net 2 +12V))
    (pad 2 smd rect (at 1.5 0 270) (size 1 2.5) (layers F.Cu F.Paste F.Mask)
      (net 1 GND))
    (model Capacitors_SMD.3dshapes/C_1210.wrl
      (at (xyz 0 0 0))
      (scale (xyz 1 1 1))
      (rotate (xyz 0 0 0))
    )
  )

  (module Capacitors_SMD:C_0805 (layer F.Cu) (tedit 58AA8463) (tstamp 58D9A8B6)
    (at 93.678087 75.007951 270)
    (descr "Capacitor SMD 0805, reflow soldering, AVX (see smccp.pdf)")
    (tags "capacitor 0805")
    (path /58D41773)
    (attr smd)
    (fp_text reference C9 (at 0 -1.5 270) (layer F.SilkS)
      (effects (font (size 1 1) (thickness 0.15)))
    )
    (fp_text value 100n (at 0 1.75 270) (layer F.Fab)
      (effects (font (size 1 1) (thickness 0.15)))
    )
    (fp_text user %R (at 0 -1.5 270) (layer F.Fab)
      (effects (font (size 1 1) (thickness 0.15)))
    )
    (fp_line (start -1 0.62) (end -1 -0.62) (layer F.Fab) (width 0.1))
    (fp_line (start 1 0.62) (end -1 0.62) (layer F.Fab) (width 0.1))
    (fp_line (start 1 -0.62) (end 1 0.62) (layer F.Fab) (width 0.1))
    (fp_line (start -1 -0.62) (end 1 -0.62) (layer F.Fab) (width 0.1))
    (fp_line (start 0.5 -0.85) (end -0.5 -0.85) (layer F.SilkS) (width 0.12))
    (fp_line (start -0.5 0.85) (end 0.5 0.85) (layer F.SilkS) (width 0.12))
    (fp_line (start -1.75 -0.88) (end 1.75 -0.88) (layer F.CrtYd) (width 0.05))
    (fp_line (start -1.75 -0.88) (end -1.75 0.87) (layer F.CrtYd) (width 0.05))
    (fp_line (start 1.75 0.87) (end 1.75 -0.88) (layer F.CrtYd) (width 0.05))
    (fp_line (start 1.75 0.87) (end -1.75 0.87) (layer F.CrtYd) (width 0.05))
    (pad 1 smd rect (at -1 0 270) (size 1 1.25) (layers F.Cu F.Paste F.Mask)
      (net 2 +12V))
    (pad 2 smd rect (at 1 0 270) (size 1 1.25) (layers F.Cu F.Paste F.Mask)
      (net 1 GND))
    (model Capacitors_SMD.3dshapes/C_0805.wrl
      (at (xyz 0 0 0))
      (scale (xyz 1 1 1))
      (rotate (xyz 0 0 0))
    )
  )

  (module TO_SOT_Packages_SMD:SOT-223 (layer F.Cu) (tedit 58D63A6E) (tstamp 58D9A8F2)
    (at 98.250087 61.672951 270)
    (descr "module CMS SOT223 4 pins")
    (tags "CMS SOT")
    (path /58D4176E)
    (attr smd)
    (fp_text reference Q1 (at 0 -0.127 270) (layer F.SilkS)
      (effects (font (size 1 1) (thickness 0.15)))
    )
    (fp_text value BCP5616Q (at 0.938049 -0.174913 270) (layer F.Fab)
      (effects (font (size 1 1) (thickness 0.15)))
    )
    (fp_text user %R (at 0 0 270) (layer F.Fab)
      (effects (font (size 0.8 0.8) (thickness 0.12)))
    )
    (fp_line (start -1.85 -2.3) (end -0.8 -3.35) (layer F.Fab) (width 0.1))
    (fp_line (start 1.91 3.41) (end 1.91 2.15) (layer F.SilkS) (width 0.12))
    (fp_line (start 1.91 -3.41) (end 1.91 -2.15) (layer F.SilkS) (width 0.12))
    (fp_line (start 4.4 -3.6) (end -4.4 -3.6) (layer F.CrtYd) (width 0.05))
    (fp_line (start 4.4 3.6) (end 4.4 -3.6) (layer F.CrtYd) (width 0.05))
    (fp_line (start -4.4 3.6) (end 4.4 3.6) (layer F.CrtYd) (width 0.05))
    (fp_line (start -4.4 -3.6) (end -4.4 3.6) (layer F.CrtYd) (width 0.05))
    (fp_line (start -1.85 -2.3) (end -1.85 3.35) (layer F.Fab) (width 0.1))
    (fp_line (start -1.85 3.41) (end 1.91 3.41) (layer F.SilkS) (width 0.12))
    (fp_line (start -0.8 -3.35) (end 1.85 -3.35) (layer F.Fab) (width 0.1))
    (fp_line (start -4.1 -3.41) (end 1.91 -3.41) (layer F.SilkS) (width 0.12))
    (fp_line (start -1.85 3.35) (end 1.85 3.35) (layer F.Fab) (width 0.1))
    (fp_line (start 1.85 -3.35) (end 1.85 3.35) (layer F.Fab) (width 0.1))
    (pad 2 smd rect (at 3.15 0 270) (size 2 3.8) (layers F.Cu F.Paste F.Mask)
      (net 3 /LaserOut))
    (pad 2 smd rect (at -3.15 0 270) (size 2 1.5) (layers F.Cu F.Paste F.Mask)
      (net 3 /LaserOut))
    (pad 3 smd rect (at -3.15 2.3 270) (size 2 1.5) (layers F.Cu F.Paste F.Mask)
      (net 11 /VSense))
    (pad 1 smd rect (at -3.15 -2.3 270) (size 2 1.5) (layers F.Cu F.Paste F.Mask)
      (net 4 "Net-(Q1-Pad1)"))
    (model ${KISYS3DMOD}/TO_SOT_Packages_SMD.3dshapes/SOT-223.wrl
      (at (xyz 0 0 0))
      (scale (xyz 0.4 0.4 0.4))
      (rotate (xyz 0 0 90))
    )
  )

  (module Resistors_SMD:R_2512 (layer F.Cu) (tedit 58AADAFB) (tstamp 58D9A907)
    (at 105.235087 61.672951 90)
    (descr "Resistor SMD 2512, reflow soldering, Vishay (see dcrcw.pdf)")
    (tags "resistor 2512")
    (path /58D47BE9)
    (attr smd)
    (fp_text reference R1 (at 0 -2.6 90) (layer F.SilkS)
      (effects (font (size 1 1) (thickness 0.15)))
    )
    (fp_text value 6R2 (at 0 2.75 90) (layer F.Fab)
      (effects (font (size 1 1) (thickness 0.15)))
    )
    (fp_text user %R (at 0 -2.6 90) (layer F.Fab)
      (effects (font (size 1 1) (thickness 0.15)))
    )
    (fp_line (start -3.15 1.6) (end -3.15 -1.6) (layer F.Fab) (width 0.1))
    (fp_line (start 3.15 1.6) (end -3.15 1.6) (layer F.Fab) (width 0.1))
    (fp_line (start 3.15 -1.6) (end 3.15 1.6) (layer F.Fab) (width 0.1))
    (fp_line (start -3.15 -1.6) (end 3.15 -1.6) (layer F.Fab) (width 0.1))
    (fp_line (start 2.6 1.82) (end -2.6 1.82) (layer F.SilkS) (width 0.12))
    (fp_line (start -2.6 -1.82) (end 2.6 -1.82) (layer F.SilkS) (width 0.12))
    (fp_line (start -3.85 -1.85) (end 3.85 -1.85) (layer F.CrtYd) (width 0.05))
    (fp_line (start -3.85 -1.85) (end -3.85 1.85) (layer F.CrtYd) (width 0.05))
    (fp_line (start 3.85 1.85) (end 3.85 -1.85) (layer F.CrtYd) (width 0.05))
    (fp_line (start 3.85 1.85) (end -3.85 1.85) (layer F.CrtYd) (width 0.05))
    (pad 1 smd rect (at -3.1 0 90) (size 1 3.2) (layers F.Cu F.Paste F.Mask)
      (net 2 +12V))
    (pad 2 smd rect (at 3.1 0 90) (size 1 3.2) (layers F.Cu F.Paste F.Mask)
      (net 9 /CurrentTP))
    (model Resistors_SMD.3dshapes/R_2512.wrl
      (at (xyz 0 0 0))
      (scale (xyz 1 1 1))
      (rotate (xyz 0 0 0))
    )
  )

  (module Resistors_SMD:R_0603 (layer F.Cu) (tedit 58AAD9CA) (tstamp 58D9A917)
    (at 100.167087 55.322951 180)
    (descr "Resistor SMD 0603, reflow soldering, Vishay (see dcrcw.pdf)")
    (tags "resistor 0603")
    (path /58D4958F)
    (attr smd)
    (fp_text reference R3 (at 0 -1.45 180) (layer F.SilkS)
      (effects (font (size 1 1) (thickness 0.15)))
    )
    (fp_text value 470 (at 0 1.5 180) (layer F.Fab)
      (effects (font (size 1 1) (thickness 0.15)))
    )
    (fp_text user %R (at 0 -1.45 180) (layer F.Fab)
      (effects (font (size 1 1) (thickness 0.15)))
    )
    (fp_line (start -0.8 0.4) (end -0.8 -0.4) (layer F.Fab) (width 0.1))
    (fp_line (start 0.8 0.4) (end -0.8 0.4) (layer F.Fab) (width 0.1))
    (fp_line (start 0.8 -0.4) (end 0.8 0.4) (layer F.Fab) (width 0.1))
    (fp_line (start -0.8 -0.4) (end 0.8 -0.4) (layer F.Fab) (width 0.1))
    (fp_line (start 0.5 0.68) (end -0.5 0.68) (layer F.SilkS) (width 0.12))
    (fp_line (start -0.5 -0.68) (end 0.5 -0.68) (layer F.SilkS) (width 0.12))
    (fp_line (start -1.25 -0.7) (end 1.25 -0.7) (layer F.CrtYd) (width 0.05))
    (fp_line (start -1.25 -0.7) (end -1.25 0.7) (layer F.CrtYd) (width 0.05))
    (fp_line (start 1.25 0.7) (end 1.25 -0.7) (layer F.CrtYd) (width 0.05))
    (fp_line (start 1.25 0.7) (end -1.25 0.7) (layer F.CrtYd) (width 0.05))
    (pad 1 smd rect (at -0.75 0 180) (size 0.5 0.9) (layers F.Cu F.Paste F.Mask)
      (net 4 "Net-(Q1-Pad1)"))
    (pad 2 smd rect (at 0.75 0 180) (size 0.5 0.9) (layers F.Cu F.Paste F.Mask)
      (net 10 /ControlOut))
    (model Resistors_SMD.3dshapes/R_0603.wrl
      (at (xyz 0 0 0))
      (scale (xyz 1 1 1))
      (rotate (xyz 0 0 0))
    )
  )

  (module Resistors_SMD:R_2512 (layer F.Cu) (tedit 58AADAFB) (tstamp 58D9A937)
    (at 92.027087 61.672951 90)
    (descr "Resistor SMD 2512, reflow soldering, Vishay (see dcrcw.pdf)")
    (tags "resistor 2512")
    (path /58D4176A)
    (attr smd)
    (fp_text reference R5 (at -3.351049 2.968913 180) (layer F.SilkS)
      (effects (font (size 1 1) (thickness 0.15)))
    )
    (fp_text value 6R2 (at 0 2.75 90) (layer F.Fab)
      (effects (font (size 1 1) (thickness 0.15)))
    )
    (fp_line (start 3.85 1.85) (end -3.85 1.85) (layer F.CrtYd) (width 0.05))
    (fp_line (start 3.85 1.85) (end 3.85 -1.85) (layer F.CrtYd) (width 0.05))
    (fp_line (start -3.85 -1.85) (end -3.85 1.85) (layer F.CrtYd) (width 0.05))
    (fp_line (start -3.85 -1.85) (end 3.85 -1.85) (layer F.CrtYd) (width 0.05))
    (fp_line (start -2.6 -1.82) (end 2.6 -1.82) (layer F.SilkS) (width 0.12))
    (fp_line (start 2.6 1.82) (end -2.6 1.82) (layer F.SilkS) (width 0.12))
    (fp_line (start -3.15 -1.6) (end 3.15 -1.6) (layer F.Fab) (width 0.1))
    (fp_line (start 3.15 -1.6) (end 3.15 1.6) (layer F.Fab) (width 0.1))
    (fp_line (start 3.15 1.6) (end -3.15 1.6) (layer F.Fab) (width 0.1))
    (fp_line (start -3.15 1.6) (end -3.15 -1.6) (layer F.Fab) (width 0.1))
    (fp_text user %R (at 0 -2.6 90) (layer F.Fab)
      (effects (font (size 1 1) (thickness 0.15)))
    )
    (pad 2 smd rect (at 3.1 0 90) (size 1 3.2) (layers F.Cu F.Paste F.Mask)
      (net 6 "Net-(R5-Pad2)"))
    (pad 1 smd rect (at -3.1 0 90) (size 1 3.2) (layers F.Cu F.Paste F.Mask)
      (net 11 /VSense))
    (model Resistors_SMD.3dshapes/R_2512.wrl
      (at (xyz 0 0 0))
      (scale (xyz 1 1 1))
      (rotate (xyz 0 0 0))
    )
  )

  (module Resistors_SMD:R_0603 (layer F.Cu) (tedit 58AAD9CA) (tstamp 58D9A947)
    (at 89.995087 66.498951 180)
    (descr "Resistor SMD 0603, reflow soldering, Vishay (see dcrcw.pdf)")
    (tags "resistor 0603")
    (path /58D4176B)
    (attr smd)
    (fp_text reference R6 (at 0 -1.45 180) (layer F.SilkS)
      (effects (font (size 1 1) (thickness 0.15)))
    )
    (fp_text value 680 (at 0 1.5 180) (layer F.Fab)
      (effects (font (size 1 1) (thickness 0.15)))
    )
    (fp_line (start 1.25 0.7) (end -1.25 0.7) (layer F.CrtYd) (width 0.05))
    (fp_line (start 1.25 0.7) (end 1.25 -0.7) (layer F.CrtYd) (width 0.05))
    (fp_line (start -1.25 -0.7) (end -1.25 0.7) (layer F.CrtYd) (width 0.05))
    (fp_line (start -1.25 -0.7) (end 1.25 -0.7) (layer F.CrtYd) (width 0.05))
    (fp_line (start -0.5 -0.68) (end 0.5 -0.68) (layer F.SilkS) (width 0.12))
    (fp_line (start 0.5 0.68) (end -0.5 0.68) (layer F.SilkS) (width 0.12))
    (fp_line (start -0.8 -0.4) (end 0.8 -0.4) (layer F.Fab) (width 0.1))
    (fp_line (start 0.8 -0.4) (end 0.8 0.4) (layer F.Fab) (width 0.1))
    (fp_line (start 0.8 0.4) (end -0.8 0.4) (layer F.Fab) (width 0.1))
    (fp_line (start -0.8 0.4) (end -0.8 -0.4) (layer F.Fab) (width 0.1))
    (fp_text user %R (at 0 -1.45 180) (layer F.Fab)
      (effects (font (size 1 1) (thickness 0.15)))
    )
    (pad 2 smd rect (at 0.75 0 180) (size 0.5 0.9) (layers F.Cu F.Paste F.Mask)
      (net 1 GND))
    (pad 1 smd rect (at -0.75 0 180) (size 0.5 0.9) (layers F.Cu F.Paste F.Mask)
      (net 11 /VSense))
    (model Resistors_SMD.3dshapes/R_0603.wrl
      (at (xyz 0 0 0))
      (scale (xyz 1 1 1))
      (rotate (xyz 0 0 0))
    )
  )

  (module Resistors_SMD:R_2512 (layer F.Cu) (tedit 58AADAFB) (tstamp 58D9A967)
    (at 86.820087 61.672951 270)
    (descr "Resistor SMD 2512, reflow soldering, Vishay (see dcrcw.pdf)")
    (tags "resistor 2512")
    (path /58D469E9)
    (attr smd)
    (fp_text reference R7 (at 2.589049 2.746087 90) (layer F.SilkS)
      (effects (font (size 1 1) (thickness 0.15)))
    )
    (fp_text value 6R2 (at 0 2.75 270) (layer F.Fab)
      (effects (font (size 1 1) (thickness 0.15)))
    )
    (fp_text user %R (at 0 -2.6 270) (layer F.Fab)
      (effects (font (size 1 1) (thickness 0.15)))
    )
    (fp_line (start -3.15 1.6) (end -3.15 -1.6) (layer F.Fab) (width 0.1))
    (fp_line (start 3.15 1.6) (end -3.15 1.6) (layer F.Fab) (width 0.1))
    (fp_line (start 3.15 -1.6) (end 3.15 1.6) (layer F.Fab) (width 0.1))
    (fp_line (start -3.15 -1.6) (end 3.15 -1.6) (layer F.Fab) (width 0.1))
    (fp_line (start 2.6 1.82) (end -2.6 1.82) (layer F.SilkS) (width 0.12))
    (fp_line (start -2.6 -1.82) (end 2.6 -1.82) (layer F.SilkS) (width 0.12))
    (fp_line (start -3.85 -1.85) (end 3.85 -1.85) (layer F.CrtYd) (width 0.05))
    (fp_line (start -3.85 -1.85) (end -3.85 1.85) (layer F.CrtYd) (width 0.05))
    (fp_line (start 3.85 1.85) (end 3.85 -1.85) (layer F.CrtYd) (width 0.05))
    (fp_line (start 3.85 1.85) (end -3.85 1.85) (layer F.CrtYd) (width 0.05))
    (pad 1 smd rect (at -3.1 0 270) (size 1 3.2) (layers F.Cu F.Paste F.Mask)
      (net 6 "Net-(R5-Pad2)"))
    (pad 2 smd rect (at 3.1 0 270) (size 1 3.2) (layers F.Cu F.Paste F.Mask)
      (net 5 "Net-(Q2-Pad3)"))
    (model Resistors_SMD.3dshapes/R_2512.wrl
      (at (xyz 0 0 0))
      (scale (xyz 1 1 1))
      (rotate (xyz 0 0 0))
    )
  )

  (module TO_SOT_Packages_SMD:SOT-323_SC-70 (layer F.Cu) (tedit 58CE4E7E) (tstamp 58DC6859)
    (at 89.012 71.39 90)
    (descr "SOT-323, SC-70")
    (tags "SOT-323 SC-70")
    (path /58D4176D)
    (attr smd)
    (fp_text reference Q2 (at -0.492 2.174 90) (layer F.SilkS)
      (effects (font (size 1 1) (thickness 0.15)))
    )
    (fp_text value MTM232270 (at -0.05 2.05 90) (layer F.Fab)
      (effects (font (size 1 1) (thickness 0.15)))
    )
    (fp_text user %R (at -0.005 0 90) (layer F.Fab)
      (effects (font (size 0.5 0.5) (thickness 0.075)))
    )
    (fp_line (start 0.73 0.5) (end 0.73 1.16) (layer F.SilkS) (width 0.12))
    (fp_line (start 0.73 -1.16) (end 0.73 -0.5) (layer F.SilkS) (width 0.12))
    (fp_line (start 1.7 1.3) (end -1.7 1.3) (layer F.CrtYd) (width 0.05))
    (fp_line (start 1.7 -1.3) (end 1.7 1.3) (layer F.CrtYd) (width 0.05))
    (fp_line (start -1.7 -1.3) (end 1.7 -1.3) (layer F.CrtYd) (width 0.05))
    (fp_line (start -1.7 1.3) (end -1.7 -1.3) (layer F.CrtYd) (width 0.05))
    (fp_line (start 0.73 -1.16) (end -1.3 -1.16) (layer F.SilkS) (width 0.12))
    (fp_line (start -0.68 1.16) (end 0.73 1.16) (layer F.SilkS) (width 0.12))
    (fp_line (start 0.67 -1.1) (end -0.18 -1.1) (layer F.Fab) (width 0.1))
    (fp_line (start -0.68 -0.6) (end -0.68 1.1) (layer F.Fab) (width 0.1))
    (fp_line (start 0.67 -1.1) (end 0.67 1.1) (layer F.Fab) (width 0.1))
    (fp_line (start 0.67 1.1) (end -0.68 1.1) (layer F.Fab) (width 0.1))
    (fp_line (start -0.18 -1.1) (end -0.68 -0.6) (layer F.Fab) (width 0.1))
    (pad 1 smd rect (at -1 -0.65) (size 0.45 0.7) (layers F.Cu F.Paste F.Mask)
      (net 12 "Net-(J1-Pad2)"))
    (pad 2 smd rect (at -1 0.65) (size 0.45 0.7) (layers F.Cu F.Paste F.Mask)
      (net 1 GND))
    (pad 3 smd rect (at 1 0) (size 0.45 0.7) (layers F.Cu F.Paste F.Mask)
      (net 5 "Net-(Q2-Pad3)"))
    (model ${KISYS3DMOD}/TO_SOT_Packages_SMD.3dshapes/SC-70.wrl
      (at (xyz 0 0 0))
      (scale (xyz 1 1 1))
      (rotate (xyz 0 0 90))
    )
  )

  (module TO_SOT_Packages_SMD:SOT-353_SC-70-5 (layer F.Cu) (tedit 58CE4E7F) (tstamp 58E209AA)
    (at 96.345087 54.560951)
    (descr "SOT-353, SC-70-5")
    (tags "SOT-353 SC-70-5")
    (path /58D41769)
    (attr smd)
    (fp_text reference U2 (at 0 2.032) (layer F.SilkS)
      (effects (font (size 1 1) (thickness 0.15)))
    )
    (fp_text value MIC920 (at 0 2 180) (layer F.Fab)
      (effects (font (size 1 1) (thickness 0.15)))
    )
    (fp_text user %R (at 0 0) (layer F.Fab)
      (effects (font (size 0.5 0.5) (thickness 0.075)))
    )
    (fp_line (start 0.7 -1.16) (end -1.2 -1.16) (layer F.SilkS) (width 0.12))
    (fp_line (start -0.7 1.16) (end 0.7 1.16) (layer F.SilkS) (width 0.12))
    (fp_line (start 1.6 1.4) (end 1.6 -1.4) (layer F.CrtYd) (width 0.05))
    (fp_line (start -1.6 -1.4) (end -1.6 1.4) (layer F.CrtYd) (width 0.05))
    (fp_line (start -1.6 -1.4) (end 1.6 -1.4) (layer F.CrtYd) (width 0.05))
    (fp_line (start 0.675 -1.1) (end -0.175 -1.1) (layer F.Fab) (width 0.1))
    (fp_line (start -0.675 -0.6) (end -0.675 1.1) (layer F.Fab) (width 0.1))
    (fp_line (start -1.6 1.4) (end 1.6 1.4) (layer F.CrtYd) (width 0.05))
    (fp_line (start 0.675 -1.1) (end 0.675 1.1) (layer F.Fab) (width 0.1))
    (fp_line (start 0.675 1.1) (end -0.675 1.1) (layer F.Fab) (width 0.1))
    (fp_line (start -0.175 -1.1) (end -0.675 -0.6) (layer F.Fab) (width 0.1))
    (pad 1 smd rect (at -0.95 -0.65) (size 0.65 0.4) (layers F.Cu F.Paste F.Mask)
      (net 8 /VRef))
    (pad 3 smd rect (at -0.95 0.65) (size 0.65 0.4) (layers F.Cu F.Paste F.Mask)
      (net 11 /VSense))
    (pad 2 smd rect (at -0.95 0) (size 0.65 0.4) (layers F.Cu F.Paste F.Mask)
      (net 1 GND))
    (pad 4 smd rect (at 0.95 0.65) (size 0.65 0.4) (layers F.Cu F.Paste F.Mask)
      (net 10 /ControlOut))
    (pad 5 smd rect (at 0.95 -0.65) (size 0.65 0.4) (layers F.Cu F.Paste F.Mask)
      (net 2 +12V))
    (model ${KISYS3DMOD}/TO_SOT_Packages_SMD.3dshapes/SC-70-5.wrl
      (at (xyz 0 0 0))
      (scale (xyz 1 1 1))
      (rotate (xyz 0 0 90))
    )
  )

  (module Resistors_SMD:R_0603 (layer F.Cu) (tedit 58AAD9CA) (tstamp 58E7964C)
    (at 100.155087 51.766951)
    (descr "Resistor SMD 0603, reflow soldering, Vishay (see dcrcw.pdf)")
    (tags "resistor 0603")
    (path /58D80F2B)
    (attr smd)
    (fp_text reference R2 (at 0.047913 1.446049) (layer F.SilkS)
      (effects (font (size 1 1) (thickness 0.15)))
    )
    (fp_text value 2k2 (at 0 1.5) (layer F.Fab)
      (effects (font (size 1 1) (thickness 0.15)))
    )
    (fp_text user %R (at 0 -1.45) (layer F.Fab)
      (effects (font (size 1 1) (thickness 0.15)))
    )
    (fp_line (start -0.8 0.4) (end -0.8 -0.4) (layer F.Fab) (width 0.1))
    (fp_line (start 0.8 0.4) (end -0.8 0.4) (layer F.Fab) (width 0.1))
    (fp_line (start 0.8 -0.4) (end 0.8 0.4) (layer F.Fab) (width 0.1))
    (fp_line (start -0.8 -0.4) (end 0.8 -0.4) (layer F.Fab) (width 0.1))
    (fp_line (start 0.5 0.68) (end -0.5 0.68) (layer F.SilkS) (width 0.12))
    (fp_line (start -0.5 -0.68) (end 0.5 -0.68) (layer F.SilkS) (width 0.12))
    (fp_line (start -1.25 -0.7) (end 1.25 -0.7) (layer F.CrtYd) (width 0.05))
    (fp_line (start -1.25 -0.7) (end -1.25 0.7) (layer F.CrtYd) (width 0.05))
    (fp_line (start 1.25 0.7) (end 1.25 -0.7) (layer F.CrtYd) (width 0.05))
    (fp_line (start 1.25 0.7) (end -1.25 0.7) (layer F.CrtYd) (width 0.05))
    (pad 1 smd rect (at -0.75 0) (size 0.5 0.9) (layers F.Cu F.Paste F.Mask)
      (net 2 +12V))
    (pad 2 smd rect (at 0.75 0) (size 0.5 0.9) (layers F.Cu F.Paste F.Mask)
      (net 7 "Net-(D1-Pad1)"))
    (model Resistors_SMD.3dshapes/R_0603.wrl
      (at (xyz 0 0 0))
      (scale (xyz 1 1 1))
      (rotate (xyz 0 0 0))
    )
  )

  (module Diodes_SMD:D_SOD-323_HandSoldering (layer F.Cu) (tedit 58641869) (tstamp 58E79EC2)
    (at 106.045 49.53 270)
    (descr SOD-323)
    (tags SOD-323)
    (path /58D80DFC)
    (attr smd)
    (fp_text reference D1 (at 0 -1.85 270) (layer F.SilkS)
      (effects (font (size 1 1) (thickness 0.15)))
    )
    (fp_text value 5V6 (at -2.159 -1.905 270) (layer F.Fab)
      (effects (font (size 1 1) (thickness 0.15)))
    )
    (fp_line (start -1.9 -0.85) (end -1.9 0.85) (layer F.SilkS) (width 0.12))
    (fp_line (start 0.2 0) (end 0.45 0) (layer F.Fab) (width 0.1))
    (fp_line (start 0.2 0.35) (end -0.3 0) (layer F.Fab) (width 0.1))
    (fp_line (start 0.2 -0.35) (end 0.2 0.35) (layer F.Fab) (width 0.1))
    (fp_line (start -0.3 0) (end 0.2 -0.35) (layer F.Fab) (width 0.1))
    (fp_line (start -0.3 0) (end -0.5 0) (layer F.Fab) (width 0.1))
    (fp_line (start -0.3 -0.35) (end -0.3 0.35) (layer F.Fab) (width 0.1))
    (fp_line (start -0.9 0.7) (end -0.9 -0.7) (layer F.Fab) (width 0.1))
    (fp_line (start 0.9 0.7) (end -0.9 0.7) (layer F.Fab) (width 0.1))
    (fp_line (start 0.9 -0.7) (end 0.9 0.7) (layer F.Fab) (width 0.1))
    (fp_line (start -0.9 -0.7) (end 0.9 -0.7) (layer F.Fab) (width 0.1))
    (fp_line (start -2 -0.95) (end 2 -0.95) (layer F.CrtYd) (width 0.05))
    (fp_line (start 2 -0.95) (end 2 0.95) (layer F.CrtYd) (width 0.05))
    (fp_line (start -2 0.95) (end 2 0.95) (layer F.CrtYd) (width 0.05))
    (fp_line (start -2 -0.95) (end -2 0.95) (layer F.CrtYd) (width 0.05))
    (fp_line (start -1.9 0.85) (end 1.25 0.85) (layer F.SilkS) (width 0.12))
    (fp_line (start -1.9 -0.85) (end 1.25 -0.85) (layer F.SilkS) (width 0.12))
    (pad 1 smd rect (at -1.25 0 270) (size 1 1) (layers F.Cu F.Paste F.Mask)
      (net 7 "Net-(D1-Pad1)"))
    (pad 2 smd rect (at 1.25 0 270) (size 1 1) (layers F.Cu F.Paste F.Mask)
      (net 1 GND))
    (model Diodes_SMD.3dshapes/D_SOD-323.wrl
      (at (xyz 0 0 0))
      (scale (xyz 1 1 1))
      (rotate (xyz 0 0 180))
    )
  )

  (module Measurement_Points:Measurement_Point_Round-SMD-Pad_Small (layer F.Cu) (tedit 56C35ED0) (tstamp 58E7A734)
    (at 90.757087 51.766951 270)
    (descr "Mesurement Point, Round, SMD Pad, DM 1.5mm,")
    (tags "Mesurement Point Round SMD Pad 1.5mm")
    (path /58D55267)
    (attr virtual)
    (fp_text reference TP2 (at 2.54 1.27 270) (layer F.SilkS)
      (effects (font (size 1 1) (thickness 0.15)))
    )
    (fp_text value VRef (at -0.077951 3.254087) (layer F.Fab)
      (effects (font (size 1 1) (thickness 0.15)))
    )
    (fp_circle (center 0 0) (end 1 0) (layer F.CrtYd) (width 0.05))
    (pad 1 smd circle (at 0 0 270) (size 1.5 1.5) (layers F.Cu F.Mask)
      (net 8 /VRef))
  )

  (module Measurement_Points:Measurement_Point_Round-SMD-Pad_Small (layer F.Cu) (tedit 56C35ED0) (tstamp 58E7AA51)
    (at 106.251087 55.830951 270)
    (descr "Mesurement Point, Round, SMD Pad, DM 1.5mm,")
    (tags "Mesurement Point Round SMD Pad 1.5mm")
    (path /58D47DF1)
    (attr virtual)
    (fp_text reference TP1 (at -2.54 0 270) (layer F.SilkS)
      (effects (font (size 1 1) (thickness 0.15)))
    )
    (fp_text value Current (at -3.379951 -1.698913 270) (layer F.Fab)
      (effects (font (size 1 1) (thickness 0.15)))
    )
    (fp_circle (center 0 0) (end 1 0) (layer F.CrtYd) (width 0.05))
    (pad 1 smd circle (at 0 0 270) (size 1.5 1.5) (layers F.Cu F.Mask)
      (net 9 /CurrentTP))
  )

  (module Measurement_Points:Measurement_Point_Round-SMD-Pad_Small (layer F.Cu) (tedit 56C35ED0) (tstamp 58E7AA56)
    (at 102.949087 55.830951 270)
    (descr "Mesurement Point, Round, SMD Pad, DM 1.5mm,")
    (tags "Mesurement Point Round SMD Pad 1.5mm")
    (path /58D54E19)
    (attr virtual)
    (fp_text reference TP3 (at -2.54 0.254 270) (layer F.SilkS)
      (effects (font (size 1 1) (thickness 0.15)))
    )
    (fp_text value Control-Out (at -4.903951 -1.571913 270) (layer F.Fab)
      (effects (font (size 1 1) (thickness 0.15)))
    )
    (fp_circle (center 0 0) (end 1 0) (layer F.CrtYd) (width 0.05))
    (pad 1 smd circle (at 0 0 270) (size 1.5 1.5) (layers F.Cu F.Mask)
      (net 10 /ControlOut))
  )

  (module Capacitors_SMD:C_0603 (layer F.Cu) (tedit 58D9D82A) (tstamp 58D7F2C6)
    (at 96.345087 51.766951)
    (descr "Capacitor SMD 0603, reflow soldering, AVX (see smccp.pdf)")
    (tags "capacitor 0603")
    (path /58D86FB5)
    (attr smd)
    (fp_text reference C11 (at -0.079087 1.065049) (layer F.SilkS)
      (effects (font (size 0.8 0.8) (thickness 0.15)))
    )
    (fp_text value 100n (at 0 1.5) (layer F.Fab)
      (effects (font (size 1 1) (thickness 0.15)))
    )
    (fp_text user %R (at 0 -1.5) (layer F.Fab)
      (effects (font (size 1 1) (thickness 0.15)))
    )
    (fp_line (start -0.8 0.4) (end -0.8 -0.4) (layer F.Fab) (width 0.1))
    (fp_line (start 0.8 0.4) (end -0.8 0.4) (layer F.Fab) (width 0.1))
    (fp_line (start 0.8 -0.4) (end 0.8 0.4) (layer F.Fab) (width 0.1))
    (fp_line (start -0.8 -0.4) (end 0.8 -0.4) (layer F.Fab) (width 0.1))
    (fp_line (start -0.35 -0.6) (end 0.35 -0.6) (layer F.SilkS) (width 0.12))
    (fp_line (start 0.35 0.6) (end -0.35 0.6) (layer F.SilkS) (width 0.12))
    (fp_line (start -1.4 -0.65) (end 1.4 -0.65) (layer F.CrtYd) (width 0.05))
    (fp_line (start -1.4 -0.65) (end -1.4 0.65) (layer F.CrtYd) (width 0.05))
    (fp_line (start 1.4 0.65) (end 1.4 -0.65) (layer F.CrtYd) (width 0.05))
    (fp_line (start 1.4 0.65) (end -1.4 0.65) (layer F.CrtYd) (width 0.05))
    (pad 1 smd rect (at -0.75 0) (size 0.8 0.75) (layers F.Cu F.Paste F.Mask)
      (net 1 GND))
